5 1 -9.017133
563 1 -5.730659
10 2 -3.405995
563 2 -5.730659
11 3 -8.810573
34 3 -31.15265
35 3 -16.06684
104 3 -4.86926
475 3 -8.715357
7 4 -34.62025
27 4 -0.4755112
101 4 -28.66497
102 4 -0.7463244
103 4 -4.093998
9 5 -4.870921
7 6 -10.96124
37 6 -56.81818
98 6 -10.88139
103 6 -38.16794
37 7 -4.773726
101 7 -0.7772424
102 7 -1.072973
103 7 -0.5618293
26 8 -3.752486
35 8 -0.4975867
724 8 -26.0078
10 9 -0.905633
104 9 -1.397898
104 10 -1.397898
12 11 -1.238697
38 11 -7.418397
566 11 -9.718173
34 13 -1.85192
104 13 -5.290726
413 14 -12.95337
16 15 -30.67485
17 15 -30.4878
18 15 -30.39514
19 15 -30.39514
411 15 -1574.803
21 20 -5714.287
37 20 -18.24817
102 20 -13.58696
22 21 -5.205622
23 21 -5.186722
24 21 -5.181347
25 21 -5.162622
35 26 -0.6188502
28 27 -2.373605
29 27 -2.439024
30 27 -1.190334
101 27 -2.644999
32 31 -0.6254691
100 31 -1.062744
100 32 -1.062744
100 33 -0.6581979
104 34 -10.13479
553 34 -13.17523
104 35 -1.112756
710 35 -10000.0
711 36 -10000.0
102 37 -0.4934373
39 38 -15.67398
98 38 -46.2963
412 38 -5.602555
99 39 -0.7434391
41 40 -126.5823
43 40 -55.24862
45 40 -64.10257
42 41 -28.98551
44 41 -833.3333
146 43 -4347.826
486 44 -10000.0
49 45 -54.64481
48 46 -10000.0
48 47 -104.9318
54 48 -78.43137
506 48 -10000.0
50 49 -126.5823
53 49 -107.5269
51 50 -28.98551
52 50 -833.3333
125 52 -40.98361
54 53 -1428.572
55 53 -50.0
425 54 -119.0476
445 54 -184.5238
447 54 -147.0588
63 56 -29.32551
66 57 -112.3596
70 58 -15.64945
67 59 -24.3309
68 60 -104.1667
130 61 -125.0
129 62 -50.76142
64 63 -30.21148
65 63 -10000.0
71 64 -40.98361
131 64 -16.05136
226 64 -72.46377
1095 65 -15.92357
67 66 -97.08738
68 66 -24.27184
74 66 -32.65326
183 66 -147.0588
226 66 -28.57143
68 67 -30.67485
69 67 -15.31394
74 68 -47.5921
90 68 -32.33649
201 68 -50.25126
70 69 -175.4386
182 70 -4.955401
196 70 -5.170631
1063 70 -4.623209
1065 70 -16.47446
1074 70 -3.195909
72 71 -55.55556
73 72 -5.555555
121 72 -23.80952
75 74 -40.32258
76 74 -25.44529
78 74 -34.3871
80 74 -15.82279
119 74 -188.6792
204 75 -645.1613
810 75 -4.608295
918 75 -3.012048
77 76 -30.03003
78 76 -36.36364
127 76 -55.55556
1050 77 -5000.0
79 78 -90.90909
452 78 -101.0101
416 79 -48.07692
417 79 -48.07692
454 79 -377.3585
81 80 -67.1141
447 80 -476.1905
452 80 -98.03922
448 81 -158.7302
450 81 -175.4386
464 81 -18.72659
94 82 -4.975124
94 83 -17.24138
95 84 -17.57469
87 85 -172.4138
126 85 -266.6667
87 86 -5000.0
241 86 -46.51163
251 86 -71.94245
253 86 -74.62687
267 86 -94.78674
269 86 -277.7778
283 86 -138.8889
291 86 -49.01961
293 86 -57.14286
294 86 -57.14286
302 86 -689.6552
315 86 -250.0
88 87 -147.0588
105 89 -38.31417
115 89 -27.02703
91 90 -32.4941
92 91 -163.6515
108 91 -67.56757
115 91 -24.19992
116 91 -357.1429
93 92 -95.2381
94 93 -10.90512
252 93 -131.5789
264 93 -12.67427
271 93 -66.0066
288 93 -65.35947
292 93 -31.84714
293 93 -38.31417
294 93 -38.31417
322 93 -32.15434
323 93 -34.8432
324 93 -24.03846
325 93 -14.40922
326 93 -16.50165
96 94 -4.800768
264 94 -239.4475
318 94 -110.6696
325 94 -76.04562
97 95 -8.285004
262 95 -9.67118
268 95 -7.142857
300 95 -33.8983
145 96 -7.24113
704 96 -10.85776
705 96 -10000.0
268 97 -3.835827
413 99 -2.390629
725 100 -35.58719
732 100 -2.369107
102 101 -0.754091
103 101 -1.451295
103 102 -30.38753
478 103 -10000.0
106 105 -12.07729
109 105 -370.3704
108 107 -32.15434
110 108 -909.0909
1029 109 -10000.0
111 110 -41.84558
328 110 -10000.0
367 110 -10.77006
370 110 -13.08045
367 111 -7.27802
368 111 -7.824726
701 111 -10000.0
113 112 -7.420491
370 112 -8.624407
686 112 -285.7143
114 113 -7.624856
115 113 -25.44529
690 113 -10000.0
1009 114 -10000.0
117 116 -10.9529
126 116 -68.02721
119 118 -5.521811
123 119 -34.12969
121 120 -126.5823
122 121 -70.87661
504 121 -51.02041
123 122 -40.48583
124 122 -41.32232
125 123 -37.31343
125 124 -32.67974
127 124 -23.80952
126 125 -81.38689
129 125 -70.92198
546 125 -100.0
129 126 -62.1118
128 127 -5.555555
133 130 -136.9863
173 130 -51.81347
213 130 -43.10345
132 131 -75.18797
133 131 -769.2308
136 131 -36.17595
144 132 -4.409171
742 132 -21.41328
134 133 -12.56281
136 135 -25.44529
139 135 -4.748338
740 135 -10000.0
141 136 -38.20471
139 137 -72.46377
141 137 -27.39726
761 137 -8.169934
141 138 -28.98551
877 138 -59.88025
882 138 -129.0323
140 139 -12.85347
829 140 -18.62891
830 140 -14.04757
258 142 -21.55172
366 142 -15.15152
144 143 -12.5
743 143 -2.090738
745 143 -10000.0
826 143 -10000.0
827 144 -10000.0
318 145 -14.77105
703 145 -10000.0
147 146 -2941.177
148 147 -10000.0
166 149 -5.205622
173 150 -73.52941
175 151 -13.29787
180 152 -10.40583
183 153 -34.48276
207 154 -13.71742
198 155 -28.98551
213 156 -144.9275
219 157 -38.46154
226 158 -28.0112
182 159 -4.730369
205 159 -4.911591
172 160 -10.01001
233 160 -11.36364
222 161 -4.730369
743 161 -6.17284
163 162 -46.08295
169 162 -11.53403
209 162 -7.451564
223 162 -12.61034
232 162 -9.832842
186 163 -46.51163
201 163 -13.6612
227 163 -39.68254
166 164 -5.205622
166 165 -60.60606
167 165 -17.33102
175 165 -11.18568
194 165 -28.57143
192 166 -80.0
201 166 -14.88095
218 166 -175.4386
175 167 -17.33102
180 168 -9.389671
209 168 -60.24096
187 169 -14.10437
188 170 -22.77904
194 170 -7.507507
178 171 -39.21569
217 171 -13.03781
173 172 -42.55319
222 172 -4.873294
755 172 -9.416196
184 173 -38.31417
211 174 -12.7551
216 174 -37.87879
179 175 -11.82033
177 176 -172.4138
178 176 -20.98079
207 176 -667.4082
207 177 -104.1667
214 178 -15.06024
217 178 -12.9199
203 179 -11.82033
209 180 -8.695652
183 181 -23.14815
183 182 -29.94012
205 182 -16.72241
221 182 -5.154639
184 183 -91.74312
201 183 -35.14939
226 183 -36.49635
193 184 -41.40787
213 184 -20.6697
187 185 -8.064516
187 186 -41.66667
218 186 -38.02281
188 187 -29.67359
206 187 -8.695652
209 187 -5.319149
211 189 -11.46789
216 189 -30.03003
199 190 -33.0033
195 191 -10.71811
197 191 -14.74926
198 191 -1111.111
211 191 -13.05483
199 192 -666.6667
218 192 -63.29114
220 192 -14.68429
198 193 -60.60606
199 193 -106.383
208 193 -38.61004
216 194 -42.91846
211 195 -26.17801
212 197 -21.73913
201 200 -43.87481
202 200 -16.21649
218 201 -14.88095
203 202 -4.719207
221 205 -7.092198
216 206 -10.19888
208 207 -84.38818
224 207 -11.46789
215 210 -11.21076
217 210 -1666.667
218 210 -119.0476
212 211 -20.9205
504 213 -73.52941
217 214 -50.76142
218 216 -27.10027
220 219 -86.20689
230 219 -26.31579
222 221 -3.15856
225 221 -3.590664
225 222 -26.24672
233 222 -49.50495
743 222 -2.668802
232 223 -42.01681
1026 224 -7.267442
228 227 -46.08295
229 228 -27.62431
231 228 -12.7551
232 228 -10.96491
232 231 -18.45018
236 234 -14.55604
307 234 -14.61988
236 235 -67.56757
243 235 -14.59854
270 235 -2000.0
272 235 -9.208103
298 235 -12.85347
299 235 -12.85347
286 236 -8.1103
261 237 -2.818489
287 237 -18.97533
309 237 -69.68641
366 237 -4.004806
702 237 -27.97203
239 238 -41.25455
270 238 -146.8959
270 239 -15.33742
281 239 -2.656042
259 240 -7.917656
242 241 -185.1852
246 241 -89.28572
253 241 -123.4568
257 241 -92.59259
266 241 -123.4568
275 241 -13.44086
279 241 -31.74603
289 241 -30.03003
291 241 -833.3333
292 241 -833.3333
293 241 -138.8889
294 241 -138.8889
299 241 -13.28021
310 241 -16.80672
321 241 -88.49557
327 241 -89.28572
244 242 -57.14286
245 242 -72.46377
272 244 -61.34969
298 245 -23.47418
310 246 -23.86635
248 247 -270.2703
255 247 -312.5
255 248 -232.5581
282 249 -1666.667
257 250 -92.59259
263 250 -78.74016
289 250 -119.0476
317 250 -833.3333
267 251 -138.8889
310 252 -21.50537
313 252 -135.1351
255 254 -208.3333
285 254 -175.4386
258 255 -31.44654
260 255 -71.94245
263 255 -53.47594
290 256 -52.35602
317 256 -10000.0
321 256 -80.64516
261 258 -128.2051
327 258 -80.64516
278 259 -12.93661
289 260 -119.0476
268 262 -26.17801
276 262 -62.5
314 262 -84.74576
311 264 -131.5789
276 265 -999.9999
300 265 -17.57469
307 266 -123.4568
282 267 -144.9275
284 267 -77.51938
302 267 -109.8901
270 268 -53.88283
301 268 -67.56757
284 269 -208.3333
275 270 -12.77139
279 270 -8.257638
280 270 -29.32551
318 270 -34.36426
320 270 -16.36661
274 273 -303.0303
303 273 -714.2858
315 273 -277.7778
312 274 -303.0303
285 277 -86.95652
289 277 -5000.0
309 278 -14.61988
292 283 -75.75758
291 288 -62.1118
298 295 -38.31417
297 296 -101.0101
299 297 -17.4216
696 300 -70.92198
314 301 -86.20689
312 303 -714.2858
305 304 -263.1579
315 304 -208.3333
329 304 -909.0909
315 305 -196.0784
322 306 -37.87879
323 308 -81.30082
326 311 -68.96552
315 312 -277.7778
316 315 -322.5806
319 315 -125.0
323 315 -31.25
322 316 -37.59399
704 318 -10.02004
329 319 -1111.111
325 324 -27.85515
335 330 -2.409639
336 331 -0.8810573
337 332 -1.666667
350 333 -2.608922
350 334 -1.446132
337 335 -27.85515
337 336 -217.3913
338 337 -3.840246
339 337 -3.955696
340 337 -6.208189
340 338 -15.2439
340 339 -15.2439
341 340 -8.1103
342 340 -14.89573
342 341 -12.77139
343 342 -5.675369
344 342 -10.71237
345 342 -4.215851
370 342 -18.45018
346 343 -9.469697
346 344 -17.3913
346 345 -22.42153
347 346 -14.08451
349 346 -20.70393
367 346 -18.45018
348 347 -40.48583
349 348 -38.61004
350 349 -24.27184
366 351 -7.374631
353 352 -5.289326
408 352 -2.934273
409 352 -6.688963
363 353 -3.816794
382 353 -7.942812
382 354 -6.199628
383 354 -22.77904
375 355 -2.164971
383 356 -5.344736
398 356 -8.250825
394 357 -0.5700604
395 357 -0.7372456
479 358 -46.94836
474 359 -18.55447
715 360 -8.05153
479 361 -9.451796
480 361 -500.0
403 362 -11.03753
714 362 -11.42857
364 363 -9.149131
365 363 -9.149131
373 363 -9.149131
374 363 -9.149131
388 363 -34.96503
395 363 -4.926108
407 363 -10.75847
474 363 -5.599104
699 366 -15.33742
368 367 -104.1667
372 367 -166.6667
371 369 -72.9927
372 371 -166.6667
376 375 -2.019386
377 375 -2.019386
378 375 -2.019386
379 375 -1.959632
380 375 -1.959632
381 375 -1.959632
389 375 -105.8201
404 375 -2.108815
384 383 -8.143323
385 383 -8.032128
386 383 -16.50165
387 383 -16.50165
392 383 -6.963788
389 388 -22.98851
390 388 -7.077141
391 388 -7.077141
395 388 -4.739336
401 388 -9.416196
405 388 -7.77605
395 392 -3.451847
474 393 -16.12903
479 393 -16.12903
395 394 -19.59248
398 395 -76.33588
399 395 -77.51938
405 395 -10.71811
406 395 -473.7875
407 395 -89.28572
474 395 -24.8139
406 396 -86.43042
716 396 -5.336179
717 396 -5.264266
716 397 -357.1429
717 397 -333.3333
473 400 -10000.0
402 401 -8.038586
714 401 -11.65501
409 404 -3.536068
479 406 -23.97024
483 406 -10000.0
716 406 -3.519887
717 406 -3.472463
411 410 -10000.0
412 410 -80.19246
731 410 -75.30121
476 411 -48.89976
477 411 -68.37394
486 411 -49.75124
413 412 -9.425071
478 412 -3.253196
709 412 -0.6465378
724 412 -12.58653
431 414 -227.2727
433 414 -91.74312
432 415 -227.2727
433 415 -91.74312
433 416 -91.74312
462 416 -222.2222
433 417 -91.74312
462 417 -222.2222
419 418 -9.389671
545 418 -29.86858
421 420 -38.75969
422 420 -11.56069
470 420 -1666.667
425 423 -526.3158
516 423 -80.64516
466 424 -212.766
516 424 -80.64516
426 425 -73.52941
427 425 -35.58719
466 425 -151.5152
437 426 -454.5455
519 426 -8.130081
429 428 -25.0
430 428 -37.03704
431 428 -121.9512
432 428 -121.9512
434 433 -32.05128
510 433 -181.8182
564 433 -21.18644
510 435 -83.68201
534 436 -21.45923
438 437 -45.6621
439 437 -6.222775
441 437 -12.12121
458 437 -29.67359
440 439 -11.16819
460 439 -4.62963
442 441 -33.28895
444 443 -73.52941
470 443 -1111.111
506 443 -155.0388
516 443 -285.7143
458 444 -1250.0
446 445 -46.72897
447 445 -67.1141
449 447 -73.52941
537 447 -487.8049
464 448 -19.72387
450 449 -2000.0
451 450 -21.36752
453 452 -38.31417
455 454 -35.97123
457 456 -24.27184
564 456 -81.30082
459 458 -18.69159
460 458 -25.31645
461 460 -21.73913
463 462 -48.54369
465 464 -26.88172
545 464 -20.96436
968 465 -65.78947
467 466 -49.75124
544 468 -10000.0
543 469 -10000.0
472 471 -24.67105
478 471 -11.01079
481 471 -2.51756
492 471 -2.24341
707 471 -5.08647
708 471 -25.7732
474 473 -4.095004
710 475 -12.28501
724 475 -10.94691
482 476 -32.36246
478 477 -160.3849
708 478 -20.67495
709 478 -0.6028454
480 479 -9.02527
714 479 -8.410429
726 479 -5.037783
484 481 -4.597701
485 481 -4.425562
491 481 -2.892765
492 481 -3.441512
733 481 -9.017133
483 482 -78.74016
709 484 -10.70664
733 484 -7.012623
491 485 -8.305648
731 486 -51.54639
491 487 -5.743825
491 488 -5.743825
492 489 -6.968641
492 490 -7.077141
492 491 -16.91332
734 491 -1.969202
707 492 -10000.0
707 493 -11.23596
505 494 -121.9512
513 495 -46.2963
521 496 -303.0303
522 497 -104.1667
523 498 -20.08032
500 499 -39.37008
819 499 -23.98081
914 499 -23.98081
502 501 -33.19632
505 501 -18.58736
507 501 -58.13953
521 501 -32.67974
531 501 -42.55319
536 501 -42.82655
607 502 -33.33334
609 502 -11.02536
613 502 -27.3224
937 502 -15.96169
507 503 -42.91846
513 503 -55.55556
553 503 -23.04147
505 504 -71.42857
521 505 -41.49377
526 505 -17.60563
578 505 -21.45923
508 507 -12.03369
509 507 -53.0504
515 507 -20.4918
521 507 -39.0625
522 507 -40.16064
547 507 -29.85075
619 508 -175.4386
639 508 -56.49718
781 508 -21.07482
511 509 -12.0919
515 509 -82.64463
520 509 -238.0952
534 509 -526.3158
520 510 -2380.952
914 511 -6.779661
926 511 -10.91703
520 512 -99.0099
514 513 -9.380863
540 513 -74.07407
790 514 -11.28668
795 514 -7.656968
516 515 -416.6667
517 515 -10.34126
518 515 -18.18182
536 515 -80.64516
547 515 -59.1716
993 517 -12.95337
995 517 -4.235493
957 519 -16.42036
967 519 -68.49315
522 521 -104.1667
523 522 -12.0048
582 523 -196.0784
770 523 -3.675795
779 523 -11.60093
802 523 -4.086637
533 524 -158.7302
985 524 -43.85965
1001 524 -17.95332
568 525 -78.74016
527 526 -21.45923
531 526 -32.67974
921 527 -4.553734
933 527 -5.621135
1068 527 -35.27337
1073 527 -30.67485
1074 527 -25.83979
1124 527 -26.31579
529 528 -196.0784
809 528 -56.17978
819 528 -84.03362
578 530 -9.708738
583 530 -9.259259
780 530 -5.390836
797 530 -4.800768
803 530 -232.5581
532 531 -53.71729
534 531 -75.18797
554 532 -35.97123
647 532 -113.6364
652 532 -91.3242
663 532 -45.87156
668 532 -63.29114
672 532 -12.97017
673 532 -32.78688
677 532 -28.24859
908 532 -13.75516
912 532 -18.48429
918 532 -6.426735
1047 532 -11.38952
535 534 -21.45923
536 534 -56.49718
542 534 -40.0
885 535 -16.02564
537 536 -416.6667
538 536 -21.14165
539 536 -18.18182
542 536 -62.5
809 538 -33.78378
914 538 -7.002801
948 538 -11.17318
953 538 -10.48768
964 538 -22.32143
800 540 -21.45923
543 541 -13.9958
543 542 -42.91846
545 542 -21.45923
546 542 -90.0901
544 543 -18.18182
551 548 -7.942812
563 549 -8.532423
566 550 -35.33569
552 551 -17.51313
555 551 -15.47988
566 551 -24.69136
558 552 -3.012048
560 552 -14.57726
561 553 -26.73797
710 553 -5.035247
574 554 -93.45794
909 554 -222.2222
556 555 -16.26016
557 555 -8.591065
564 555 -10.9529
566 555 -7.446017
559 556 -64.93507
579 556 -7.886436
621 556 -45.04505
903 556 -16.50165
558 557 -16.55629
979 558 -4.599816
980 558 -12.40695
986 558 -12.0919
989 558 -14.4405
991 558 -13.86001
998 558 -8.061266
1000 558 -18.28154
579 559 -8.976661
980 560 -5.470459
562 561 -135.1351
566 561 -38.75969
563 562 -8.460238
567 563 -3.386387
567 565 -5.017561
567 566 -4.231908
773 568 -6.574622
795 568 -78.74016
785 569 -20.08032
579 570 -14.70588
776 571 -11.42857
783 572 -14.85884
796 573 -18.51852
581 575 -400.0
582 576 -13.31558
784 576 -10.42753
786 577 -769.2308
802 577 -8.93655
1090 577 -119.0476
780 578 -14.81481
580 579 -2.915452
782 579 -20.4918
783 579 -7.85546
895 579 -18.21494
927 579 -3.4153
587 580 -13.83126
776 581 -9.65717
796 581 -4.690432
797 581 -7.42942
799 581 -5.87199
780 583 -13.03781
803 583 -7.686395
585 584 -45.6621
1068 584 -6.591958
607 585 -38.91051
613 585 -34.0136
659 585 -3.295979
597 586 -2.538071
598 587 -14.08451
614 587 -38.91051
595 588 -5.065856
597 588 -4.938272
591 589 -6.075334
595 590 -4.405286
616 590 -7.374631
601 591 -9.784736
611 592 -7.564296
604 593 -10.53741
600 594 -63.69427
597 596 -4.837929
603 596 -6.493506
607 596 -10.74114
1105 599 -6.038647
601 600 -4.708098
782 600 -277.7778
602 601 -5.24659
633 601 -4.178855
640 602 -4.950495
604 603 -4.837929
605 603 -10.96491
1092 603 -26.88172
612 604 -7.843137
615 604 -7.581501
607 605 -20.3252
610 606 -3.743916
610 608 -41.15226
1101 608 -2.95683
1068 609 -9.285051
615 611 -11.79245
1123 617 -51.02041
629 618 -10.09082
639 618 -17.48252
620 619 -5.0
632 620 -2.089864
624 621 -87.7193
1061 621 -4.496403
625 622 -10.67236
641 622 -1.794366
639 623 -10.37344
642 623 -8.045053
638 624 -23.04147
635 625 -6.455778
634 626 -5.627462
635 626 -2.87687
639 627 -15.82279
631 628 -33.22259
642 628 -9.881423
637 629 -5000.0
643 629 -114.9425
631 630 -5.931198
635 630 -4.347826
796 630 -17.59015
634 632 -6.830601
641 632 -1.76616
636 635 -5.007511
1094 636 -3.03214
652 644 -55.55556
662 644 -32.25806
650 645 -26.80965
1060 645 -5.422993
664 646 -30.4878
1051 646 -4.748338
1041 647 -18.79699
678 648 -64.93507
1042 648 -22.62444
672 649 -40.0
1055 649 -49.50495
653 650 -16.94915
670 651 -15.12859
1045 651 -20.70393
653 652 -4.440497
663 652 -3333.333
666 652 -97.08738
668 652 -158.7302
676 652 -18.55288
1054 652 -333.3333
1048 653 -10.60445
677 654 -39.84064
1057 654 -144.9275
657 655 -80.64516
665 655 -250.0
678 656 -4.040404
1055 657 -107.5269
671 658 -131.5789
672 658 -166.6667
677 659 -62.5
1050 660 -17.03578
1058 660 -19.56947
677 661 -500.0
672 662 -58.13953
1056 664 -29.5858
682 665 -90.0901
681 666 -526.3158
1051 667 -5.494505
679 669 -66.66667
1058 669 -333.3333
1121 670 -54.05405
679 671 -53.19149
673 672 -24.27184
682 672 -117.647
1049 672 -40.0
1050 672 -16.80672
1052 672 -18.34863
1058 672 -19.84127
1121 672 -105.2632
675 674 -322.5806
1046 674 -18.01802
1050 675 -30.8642
1043 676 -153.8461
678 677 -4.347826
1041 677 -66.66667
1059 677 -243.9024
1047 680 -46.08295
1057 680 -57.47126
1053 681 -1111.111
689 683 -1.579031
689 684 -1.923077
691 685 -1.764913
687 686 -18.34863
688 686 -24.44988
689 688 -4.409431
694 688 -8.312551
699 688 -3.82995
700 688 -7.374631
702 688 -22.83105
693 689 -1.935359
691 690 -4.99002
694 690 -161.2903
697 690 -12.64223
692 691 -10000.0
695 691 -34.12969
695 693 -34.12969
695 694 -18.34863
698 697 -10.81081
700 699 -7.968128
707 706 -11.04972
726 707 -40.24145
709 708 -32.46134
724 711 -11.7096
734 711 -12.43781
714 712 -10.78749
714 713 -10.92896
715 714 -25.08151
734 714 -23.9521
717 716 -4.541326
724 718 -14.51379
724 719 -14.51379
724 720 -14.51379
724 721 -14.51379
724 722 -14.51379
724 723 -14.51379
725 724 -2.262444
734 724 -6.215041
728 727 -1.437174
731 727 -21.34016
731 728 -21.34016
730 729 -0.5025378
731 729 -22.041
731 730 -22.12879
743 735 -3.749531
742 736 -5.060729
743 737 -10.41667
742 738 -25.25253
744 739 -6.666667
741 740 -29.06977
742 740 -9.416196
744 740 -80.64516
749 741 -30.12048
759 741 -7.199424
743 742 -36.00912
746 743 -4.042037
756 744 -33.33334
746 745 -4.531038
748 747 -15.5521
758 747 -67.56757
757 748 -20.20202
753 749 -79.36508
751 750 -9.199632
759 750 -26.95418
757 752 -10.20408
762 752 -4.035512
757 754 -42.55319
765 754 -59.1716
764 755 -25.0
757 756 -27.81641
761 760 -6.238303
766 761 -4.730369
767 761 -8.0
763 762 -4.484305
768 766 -2.325581
769 768 -3.030303
772 768 -3.521127
823 770 -10000.0
772 771 -4.694836
774 773 -9.191176
795 773 -6.067961
801 773 -5.646527
802 773 -14.49275
776 775 -79.36508
781 775 -8.605852
781 776 -7.067138
796 776 -2.511932
797 776 -3.435246
1127 776 -31.94888
793 777 -3.907777
795 777 -5.797101
800 777 -14.64129
779 778 -27.51031
780 779 -3.543586
787 779 -9.980041
797 780 -2.540005
949 780 -14.57726
783 782 -12.73885
802 784 -14.57726
786 785 -26.66667
788 785 -16.80672
796 785 -5.941771
797 785 -11.00715
802 785 -4.541326
1128 786 -500.0
949 787 -8.818342
789 788 -2.932551
796 788 -9.191176
1132 788 -172.4138
1094 789 -3.38524
791 790 -32.89474
795 790 -23.80952
799 792 -10.1833
1110 792 -8.05153
794 793 -3.907777
825 793 -10000.0
795 794 -5.797101
800 794 -14.64129
799 796 -21.83406
798 797 -4.818348
803 797 -4.5106
805 797 -18.83239
1119 797 -50.0
1114 798 -6.002401
1137 802 -10000.0
804 803 -45.45454
1138 805 -117.647
821 806 -4.975124
887 807 -4.065041
897 808 -13.33333
920 809 -112.3596
811 810 -26.31579
918 810 -8.70322
909 812 -500.0
885 813 -11.13586
940 813 -25.18892
1122 813 -769.2308
815 814 -112.3596
909 814 -23.14815
918 814 -13.5318
817 816 -47.61905
927 816 -20.3666
818 817 -52.63158
907 817 -39.52569
820 819 -232.5581
888 821 -22.72727
897 821 -114.9425
921 821 -6.127451
880 822 -77.51938
885 822 -25.64103
935 822 -30.39514
825 824 -10000.0
837 828 -3.399953
838 828 -4.568296
874 828 -4.623957
833 829 -9.785693
839 829 -9.75447
833 830 -12.15067
840 830 -9.559799
841 831 -10.30197
869 831 -11.26464
842 832 -6.55914
869 832 -18.27151
843 833 -3.125
844 834 -9.816236
874 834 -56.02241
845 835 -1.626016
862 835 -96.33911
846 836 -6.806048
869 836 -6.236358
859 838 -6.666667
860 838 -0.6091247
848 847 -6.595976
873 848 -7.869369
854 849 -3.149802
863 849 -2.352
864 849 -2.351835
855 850 -6.506006
873 850 -2.513889
856 851 -0.805153
858 851 -1.160416
857 852 -1.692047
869 852 -1.249453
876 853 -5.118024
873 858 -2.091788
861 860 -0.8130081
863 862 -5.373455
869 863 -2.843818
865 864 -20.9205
869 864 -2.916302
869 866 -67.1141
877 866 -4.737092
878 867 -5.135919
869 868 -68.02721
871 868 -7.077141
877 868 -4.791567
870 869 -67.1141
871 870 -7.097232
877 870 -4.737092
882 872 -3.439506
882 873 -6.692322
878 874 -5.09684
876 875 -227.2727
882 875 -41.54549
878 877 -54.4514
883 877 -15.50147
882 879 -13.23977
882 881 -15.55936
937 884 -114.2857
1123 884 -94.33962
914 885 -9.425071
918 885 -4.842615
895 886 -13.2626
927 886 -6.146282
937 886 -14.97006
896 887 -15.94896
897 887 -10.74114
924 888 -11.79245
917 889 -526.3158
891 890 -55.55556
908 890 -11.79245
917 890 -22.83105
893 892 -78.74016
899 892 -68.02721
927 892 -39.0625
921 894 -24.93765
936 894 -12.26994
1126 894 -10000.0
1125 895 -454.5455
897 896 -32.89474
913 897 -54.05405
917 897 -3.943218
944 897 -12.7551
914 898 -21.83406
926 898 -98.03922
900 899 -36.10108
908 899 -104.1667
913 901 -10.85776
1129 901 -10000.0
906 902 -400.0
987 903 -11.14827
905 904 -256.4103
939 904 -192.3077
944 904 -30.58104
922 906 -17.63668
939 906 -196.0784
923 907 -18.83239
912 908 -43.47826
917 908 -7.668712
927 908 -20.04008
910 909 -196.0784
912 911 -131.5789
935 914 -29.23977
938 914 -78.74016
963 914 -4.030633
926 915 -103.0928
991 916 -81.96722
918 917 -121.2121
930 917 -72.9927
919 918 -52.63158
1130 918 -22.47191
940 919 -17.24138
923 921 -22.98851
924 921 -29.06977
927 921 -5.208333
933 921 -23.98081
937 921 -6.583279
930 922 -16.18123
1133 922 -10000.0
925 924 -38.91051
928 927 -37.17472
937 927 -6.793478
929 928 -999.9999
937 928 -8.319468
931 930 -96.15385
949 932 -78.74016
934 933 -131.5789
942 933 -26.24672
947 935 -34.8432
937 936 -32.89474
1134 936 -10000.0
954 940 -99.0099
954 941 -400.0
944 943 -80.64516
961 945 -3.323363
965 946 -10.52632
952 948 -12.90323
955 948 -10.88454
957 948 -18.50139
958 948 -35.08772
964 948 -22.32143
951 950 -4.399472
955 950 -35.77818
956 950 -18.95735
965 951 -4.962779
969 951 -10.17294
975 951 -7.230658
960 952 -65.35947
955 953 -22.47191
959 954 -29.23977
958 957 -17.85714
967 957 -21.69197
973 957 -78.74016
973 960 -400.0
962 961 -6.060606
963 961 -2.007226
968 961 -6.337135
966 962 -36.90037
972 963 -4.84731
968 965 -5.945303
969 965 -9.689922
971 966 -99.0099
970 969 -6.418485
972 971 -11.42857
983 974 -999.9999
977 976 -72.9927
989 976 -11.28668
1001 976 -46.94836
989 978 -11.99041
983 979 -208.3333
982 981 -192.3077
984 981 -12.04819
998 981 -10.03009
986 983 -7.69823
987 985 -24.27184
989 985 -5.310675
999 987 -39.52569
993 988 -12.42236
995 988 -12.85347
990 989 -5.906674
992 991 -2.932551
994 993 -4.027386
997 995 -7.267442
998 995 -4.033885
997 996 -78.74016
998 997 -9.066183
1027 1002 -8.319468
1035 1003 -4.084967
1032 1004 -3.15856
1039 1005 -10.41667
1007 1006 -4.149378
1013 1006 -19.26782
1019 1006 -10.48218
1021 1006 -55.24862
1030 1006 -14.32665
1035 1006 -21.55167
1023 1008 -24.42002
1010 1009 -1.567398
1018 1009 -21.18644
1019 1009 -6.297229
1021 1009 -4.244482
1022 1009 -57.14286
1040 1009 -3.239391
1040 1011 -41.15226
1040 1012 -5.87199
1023 1013 -15.07159
1029 1013 -454.4287
1030 1013 -32.57329
1037 1013 -118.3432
1038 1013 -102.5641
1039 1013 -5.9988
1039 1014 -75.75758
1029 1015 -34.60208
1024 1016 -2.283626
1034 1016 -1.818512
1029 1017 -73.80074
1033 1019 -43.47826
1021 1020 -34.96503
1024 1023 -6.973501
1025 1023 -7.352941
1027 1023 -12.56281
1034 1024 -1.748557
1028 1025 -4.436557
1027 1026 -9.615384
1028 1027 -3.372681
1035 1027 -4.901961
1031 1030 -9.363297
1034 1032 -5.455537
1036 1032 -10.82251
1036 1035 -4.096682
1050 1043 -26.04167
1050 1044 -33.8983
1053 1044 -17.79359
1047 1045 -48.54369
1058 1046 -53.19149
1054 1049 -26.17801
1051 1050 -4.708098
1052 1050 -200.0
1056 1051 -3.607503
1056 1055 -4.118616
1058 1055 -106.383
1061 1059 -52.08333
1072 1062 -6.301197
1085 1062 -3.272251
1074 1063 -10.35197
1075 1064 -11.49425
1087 1064 -4.27899
1077 1065 -7.256895
1080 1065 -32.67974
1068 1066 -14.0056
1071 1067 -2.654632
1069 1068 -21.64502
1092 1068 -9.569378
1086 1069 -27.85515
1077 1070 -21.09705
1113 1070 -6.535948
1088 1071 -4.299226
1075 1072 -4.215851
1074 1073 -163.9344
1075 1074 -5.040322
1081 1074 -85.47009
1086 1074 -21.73913
1082 1075 -4.297379
1077 1076 -18.69159
1078 1077 -9.416196
1080 1077 -9.328359
1088 1077 -11.54734
1095 1077 -4.721436
1084 1078 -17.66784
1085 1078 -3.736921
1117 1079 -3.007519
1087 1083 -500.0
1106 1089 -9.225092
1112 1089 -2.988643
1091 1090 -4.708098
1093 1091 -5.681818
1108 1091 -4.269855
1098 1093 -9.302325
1096 1095 -4.440497
1100 1095 -7.342144
1105 1095 -16.23377
1113 1095 -87.7193
1103 1096 -7.581501
1107 1096 -2.338634
1112 1096 -2.146844
1100 1097 -99.0099
1099 1098 -6.557377
1101 1100 -4.578754
1120 1101 -5.503577
1112 1102 -4.524887
1118 1104 -23.14815
1119 1104 -23.04147
1109 1106 -6.006006
1114 1110 -2.628121
1119 1111 -7.380074
1115 1114 -4.384042
1116 1114 -2.241148
1120 1117 -4.454343
1136 1122 -21.78649
1135 1124 -10.74114
1135 1129 -15.82279
1136 1131 -24.39024
1 5 -9.017133
1 563 -5.730659
2 10 -3.405995
2 563 -5.730659
3 11 -8.810573
3 34 -31.15265
3 35 -16.06684
3 104 -4.86926
3 475 -8.715357
4 7 -34.62025
4 27 -0.4755112
4 101 -28.66497
4 102 -0.7463244
4 103 -4.093998
5 9 -4.870921
6 7 -10.96124
6 37 -56.81818
6 98 -10.88139
6 103 -38.16794
7 37 -4.773726
7 101 -0.7772424
7 102 -1.072973
7 103 -0.5618293
8 26 -3.752486
8 35 -0.4975867
8 724 -26.0078
9 10 -0.905633
9 104 -1.397898
10 104 -1.397898
11 12 -1.238697
11 38 -7.418397
11 566 -9.718173
13 34 -1.85192
13 104 -5.290726
14 413 -12.95337
15 16 -30.67485
15 17 -30.4878
15 18 -30.39514
15 19 -30.39514
15 411 -1574.803
20 21 -5714.287
20 37 -18.24817
20 102 -13.58696
21 22 -5.205622
21 23 -5.186722
21 24 -5.181347
21 25 -5.162622
26 35 -0.6188502
27 28 -2.373605
27 29 -2.439024
27 30 -1.190334
27 101 -2.644999
31 32 -0.6254691
31 100 -1.062744
32 100 -1.062744
33 100 -0.6581979
34 104 -10.13479
34 553 -13.17523
35 104 -1.112756
35 710 -10000.0
36 711 -10000.0
37 102 -0.4934373
38 39 -15.67398
38 98 -46.2963
38 412 -5.602555
39 99 -0.7434391
40 41 -126.5823
40 43 -55.24862
40 45 -64.10257
41 42 -28.98551
41 44 -833.3333
43 146 -4347.826
44 486 -10000.0
45 49 -54.64481
46 48 -10000.0
47 48 -104.9318
48 54 -78.43137
48 506 -10000.0
49 50 -126.5823
49 53 -107.5269
50 51 -28.98551
50 52 -833.3333
52 125 -40.98361
53 54 -1428.572
53 55 -50.0
54 425 -119.0476
54 445 -184.5238
54 447 -147.0588
56 63 -29.32551
57 66 -112.3596
58 70 -15.64945
59 67 -24.3309
60 68 -104.1667
61 130 -125.0
62 129 -50.76142
63 64 -30.21148
63 65 -10000.0
64 71 -40.98361
64 131 -16.05136
64 226 -72.46377
65 1095 -15.92357
66 67 -97.08738
66 68 -24.27184
66 74 -32.65326
66 183 -147.0588
66 226 -28.57143
67 68 -30.67485
67 69 -15.31394
68 74 -47.5921
68 90 -32.33649
68 201 -50.25126
69 70 -175.4386
70 182 -4.955401
70 196 -5.170631
70 1063 -4.623209
70 1065 -16.47446
70 1074 -3.195909
71 72 -55.55556
72 73 -5.555555
72 121 -23.80952
74 75 -40.32258
74 76 -25.44529
74 78 -34.3871
74 80 -15.82279
74 119 -188.6792
75 204 -645.1613
75 810 -4.608295
75 918 -3.012048
76 77 -30.03003
76 78 -36.36364
76 127 -55.55556
77 1050 -5000.0
78 79 -90.90909
78 452 -101.0101
79 416 -48.07692
79 417 -48.07692
79 454 -377.3585
80 81 -67.1141
80 447 -476.1905
80 452 -98.03922
81 448 -158.7302
81 450 -175.4386
81 464 -18.72659
82 94 -4.975124
83 94 -17.24138
84 95 -17.57469
85 87 -172.4138
85 126 -266.6667
86 87 -5000.0
86 241 -46.51163
86 251 -71.94245
86 253 -74.62687
86 267 -94.78674
86 269 -277.7778
86 283 -138.8889
86 291 -49.01961
86 293 -57.14286
86 294 -57.14286
86 302 -689.6552
86 315 -250.0
87 88 -147.0588
89 105 -38.31417
89 115 -27.02703
90 91 -32.4941
91 92 -163.6515
91 108 -67.56757
91 115 -24.19992
91 116 -357.1429
92 93 -95.2381
93 94 -10.90512
93 252 -131.5789
93 264 -12.67427
93 271 -66.0066
93 288 -65.35947
93 292 -31.84714
93 293 -38.31417
93 294 -38.31417
93 322 -32.15434
93 323 -34.8432
93 324 -24.03846
93 325 -14.40922
93 326 -16.50165
94 96 -4.800768
94 264 -239.4475
94 318 -110.6696
94 325 -76.04562
95 97 -8.285004
95 262 -9.67118
95 268 -7.142857
95 300 -33.8983
96 145 -7.24113
96 704 -10.85776
96 705 -10000.0
97 268 -3.835827
99 413 -2.390629
100 725 -35.58719
100 732 -2.369107
101 102 -0.754091
101 103 -1.451295
102 103 -30.38753
103 478 -10000.0
105 106 -12.07729
105 109 -370.3704
107 108 -32.15434
108 110 -909.0909
109 1029 -10000.0
110 111 -41.84558
110 328 -10000.0
110 367 -10.77006
110 370 -13.08045
111 367 -7.27802
111 368 -7.824726
111 701 -10000.0
112 113 -7.420491
112 370 -8.624407
112 686 -285.7143
113 114 -7.624856
113 115 -25.44529
113 690 -10000.0
114 1009 -10000.0
116 117 -10.9529
116 126 -68.02721
118 119 -5.521811
119 123 -34.12969
120 121 -126.5823
121 122 -70.87661
121 504 -51.02041
122 123 -40.48583
122 124 -41.32232
123 125 -37.31343
124 125 -32.67974
124 127 -23.80952
125 126 -81.38689
125 129 -70.92198
125 546 -100.0
126 129 -62.1118
127 128 -5.555555
130 133 -136.9863
130 173 -51.81347
130 213 -43.10345
131 132 -75.18797
131 133 -769.2308
131 136 -36.17595
132 144 -4.409171
132 742 -21.41328
133 134 -12.56281
135 136 -25.44529
135 139 -4.748338
135 740 -10000.0
136 141 -38.20471
137 139 -72.46377
137 141 -27.39726
137 761 -8.169934
138 141 -28.98551
138 877 -59.88025
138 882 -129.0323
139 140 -12.85347
140 829 -18.62891
140 830 -14.04757
142 258 -21.55172
142 366 -15.15152
143 144 -12.5
143 743 -2.090738
143 745 -10000.0
143 826 -10000.0
144 827 -10000.0
145 318 -14.77105
145 703 -10000.0
146 147 -2941.177
147 148 -10000.0
149 166 -5.205622
150 173 -73.52941
151 175 -13.29787
152 180 -10.40583
153 183 -34.48276
154 207 -13.71742
155 198 -28.98551
156 213 -144.9275
157 219 -38.46154
158 226 -28.0112
159 182 -4.730369
159 205 -4.911591
160 172 -10.01001
160 233 -11.36364
161 222 -4.730369
161 743 -6.17284
162 163 -46.08295
162 169 -11.53403
162 209 -7.451564
162 223 -12.61034
162 232 -9.832842
163 186 -46.51163
163 201 -13.6612
163 227 -39.68254
164 166 -5.205622
165 166 -60.60606
165 167 -17.33102
165 175 -11.18568
165 194 -28.57143
166 192 -80.0
166 201 -14.88095
166 218 -175.4386
167 175 -17.33102
168 180 -9.389671
168 209 -60.24096
169 187 -14.10437
170 188 -22.77904
170 194 -7.507507
171 178 -39.21569
171 217 -13.03781
172 173 -42.55319
172 222 -4.873294
172 755 -9.416196
173 184 -38.31417
174 211 -12.7551
174 216 -37.87879
175 179 -11.82033
176 177 -172.4138
176 178 -20.98079
176 207 -667.4082
177 207 -104.1667
178 214 -15.06024
178 217 -12.9199
179 203 -11.82033
180 209 -8.695652
181 183 -23.14815
182 183 -29.94012
182 205 -16.72241
182 221 -5.154639
183 184 -91.74312
183 201 -35.14939
183 226 -36.49635
184 193 -41.40787
184 213 -20.6697
185 187 -8.064516
186 187 -41.66667
186 218 -38.02281
187 188 -29.67359
187 206 -8.695652
187 209 -5.319149
189 211 -11.46789
189 216 -30.03003
190 199 -33.0033
191 195 -10.71811
191 197 -14.74926
191 198 -1111.111
191 211 -13.05483
192 199 -666.6667
192 218 -63.29114
192 220 -14.68429
193 198 -60.60606
193 199 -106.383
193 208 -38.61004
194 216 -42.91846
195 211 -26.17801
197 212 -21.73913
200 201 -43.87481
200 202 -16.21649
201 218 -14.88095
202 203 -4.719207
205 221 -7.092198
206 216 -10.19888
207 208 -84.38818
207 224 -11.46789
210 215 -11.21076
210 217 -1666.667
210 218 -119.0476
211 212 -20.9205
213 504 -73.52941
214 217 -50.76142
216 218 -27.10027
219 220 -86.20689
219 230 -26.31579
221 222 -3.15856
221 225 -3.590664
222 225 -26.24672
222 233 -49.50495
222 743 -2.668802
223 232 -42.01681
224 1026 -7.267442
227 228 -46.08295
228 229 -27.62431
228 231 -12.7551
228 232 -10.96491
231 232 -18.45018
234 236 -14.55604
234 307 -14.61988
235 236 -67.56757
235 243 -14.59854
235 270 -2000.0
235 272 -9.208103
235 298 -12.85347
235 299 -12.85347
236 286 -8.1103
237 261 -2.818489
237 287 -18.97533
237 309 -69.68641
237 366 -4.004806
237 702 -27.97203
238 239 -41.25455
238 270 -146.8959
239 270 -15.33742
239 281 -2.656042
240 259 -7.917656
241 242 -185.1852
241 246 -89.28572
241 253 -123.4568
241 257 -92.59259
241 266 -123.4568
241 275 -13.44086
241 279 -31.74603
241 289 -30.03003
241 291 -833.3333
241 292 -833.3333
241 293 -138.8889
241 294 -138.8889
241 299 -13.28021
241 310 -16.80672
241 321 -88.49557
241 327 -89.28572
242 244 -57.14286
242 245 -72.46377
244 272 -61.34969
245 298 -23.47418
246 310 -23.86635
247 248 -270.2703
247 255 -312.5
248 255 -232.5581
249 282 -1666.667
250 257 -92.59259
250 263 -78.74016
250 289 -119.0476
250 317 -833.3333
251 267 -138.8889
252 310 -21.50537
252 313 -135.1351
254 255 -208.3333
254 285 -175.4386
255 258 -31.44654
255 260 -71.94245
255 263 -53.47594
256 290 -52.35602
256 317 -10000.0
256 321 -80.64516
258 261 -128.2051
258 327 -80.64516
259 278 -12.93661
260 289 -119.0476
262 268 -26.17801
262 276 -62.5
262 314 -84.74576
264 311 -131.5789
265 276 -999.9999
265 300 -17.57469
266 307 -123.4568
267 282 -144.9275
267 284 -77.51938
267 302 -109.8901
268 270 -53.88283
268 301 -67.56757
269 284 -208.3333
270 275 -12.77139
270 279 -8.257638
270 280 -29.32551
270 318 -34.36426
270 320 -16.36661
273 274 -303.0303
273 303 -714.2858
273 315 -277.7778
274 312 -303.0303
277 285 -86.95652
277 289 -5000.0
278 309 -14.61988
283 292 -75.75758
288 291 -62.1118
295 298 -38.31417
296 297 -101.0101
297 299 -17.4216
300 696 -70.92198
301 314 -86.20689
303 312 -714.2858
304 305 -263.1579
304 315 -208.3333
304 329 -909.0909
305 315 -196.0784
306 322 -37.87879
308 323 -81.30082
311 326 -68.96552
312 315 -277.7778
315 316 -322.5806
315 319 -125.0
315 323 -31.25
316 322 -37.59399
318 704 -10.02004
319 329 -1111.111
324 325 -27.85515
330 335 -2.409639
331 336 -0.8810573
332 337 -1.666667
333 350 -2.608922
334 350 -1.446132
335 337 -27.85515
336 337 -217.3913
337 338 -3.840246
337 339 -3.955696
337 340 -6.208189
338 340 -15.2439
339 340 -15.2439
340 341 -8.1103
340 342 -14.89573
341 342 -12.77139
342 343 -5.675369
342 344 -10.71237
342 345 -4.215851
342 370 -18.45018
343 346 -9.469697
344 346 -17.3913
345 346 -22.42153
346 347 -14.08451
346 349 -20.70393
346 367 -18.45018
347 348 -40.48583
348 349 -38.61004
349 350 -24.27184
351 366 -7.374631
352 353 -5.289326
352 408 -2.934273
352 409 -6.688963
353 363 -3.816794
353 382 -7.942812
354 382 -6.199628
354 383 -22.77904
355 375 -2.164971
356 383 -5.344736
356 398 -8.250825
357 394 -0.5700604
357 395 -0.7372456
358 479 -46.94836
359 474 -18.55447
360 715 -8.05153
361 479 -9.451796
361 480 -500.0
362 403 -11.03753
362 714 -11.42857
363 364 -9.149131
363 365 -9.149131
363 373 -9.149131
363 374 -9.149131
363 388 -34.96503
363 395 -4.926108
363 407 -10.75847
363 474 -5.599104
366 699 -15.33742
367 368 -104.1667
367 372 -166.6667
369 371 -72.9927
371 372 -166.6667
375 376 -2.019386
375 377 -2.019386
375 378 -2.019386
375 379 -1.959632
375 380 -1.959632
375 381 -1.959632
375 389 -105.8201
375 404 -2.108815
383 384 -8.143323
383 385 -8.032128
383 386 -16.50165
383 387 -16.50165
383 392 -6.963788
388 389 -22.98851
388 390 -7.077141
388 391 -7.077141
388 395 -4.739336
388 401 -9.416196
388 405 -7.77605
392 395 -3.451847
393 474 -16.12903
393 479 -16.12903
394 395 -19.59248
395 398 -76.33588
395 399 -77.51938
395 405 -10.71811
395 406 -473.7875
395 407 -89.28572
395 474 -24.8139
396 406 -86.43042
396 716 -5.336179
396 717 -5.264266
397 716 -357.1429
397 717 -333.3333
400 473 -10000.0
401 402 -8.038586
401 714 -11.65501
404 409 -3.536068
406 479 -23.97024
406 483 -10000.0
406 716 -3.519887
406 717 -3.472463
410 411 -10000.0
410 412 -80.19246
410 731 -75.30121
411 476 -48.89976
411 477 -68.37394
411 486 -49.75124
412 413 -9.425071
412 478 -3.253196
412 709 -0.6465378
412 724 -12.58653
414 431 -227.2727
414 433 -91.74312
415 432 -227.2727
415 433 -91.74312
416 433 -91.74312
416 462 -222.2222
417 433 -91.74312
417 462 -222.2222
418 419 -9.389671
418 545 -29.86858
420 421 -38.75969
420 422 -11.56069
420 470 -1666.667
423 425 -526.3158
423 516 -80.64516
424 466 -212.766
424 516 -80.64516
425 426 -73.52941
425 427 -35.58719
425 466 -151.5152
426 437 -454.5455
426 519 -8.130081
428 429 -25.0
428 430 -37.03704
428 431 -121.9512
428 432 -121.9512
433 434 -32.05128
433 510 -181.8182
433 564 -21.18644
435 510 -83.68201
436 534 -21.45923
437 438 -45.6621
437 439 -6.222775
437 441 -12.12121
437 458 -29.67359
439 440 -11.16819
439 460 -4.62963
441 442 -33.28895
443 444 -73.52941
443 470 -1111.111
443 506 -155.0388
443 516 -285.7143
444 458 -1250.0
445 446 -46.72897
445 447 -67.1141
447 449 -73.52941
447 537 -487.8049
448 464 -19.72387
449 450 -2000.0
450 451 -21.36752
452 453 -38.31417
454 455 -35.97123
456 457 -24.27184
456 564 -81.30082
458 459 -18.69159
458 460 -25.31645
460 461 -21.73913
462 463 -48.54369
464 465 -26.88172
464 545 -20.96436
465 968 -65.78947
466 467 -49.75124
468 544 -10000.0
469 543 -10000.0
471 472 -24.67105
471 478 -11.01079
471 481 -2.51756
471 492 -2.24341
471 707 -5.08647
471 708 -25.7732
473 474 -4.095004
475 710 -12.28501
475 724 -10.94691
476 482 -32.36246
477 478 -160.3849
478 708 -20.67495
478 709 -0.6028454
479 480 -9.02527
479 714 -8.410429
479 726 -5.037783
481 484 -4.597701
481 485 -4.425562
481 491 -2.892765
481 492 -3.441512
481 733 -9.017133
482 483 -78.74016
484 709 -10.70664
484 733 -7.012623
485 491 -8.305648
486 731 -51.54639
487 491 -5.743825
488 491 -5.743825
489 492 -6.968641
490 492 -7.077141
491 492 -16.91332
491 734 -1.969202
492 707 -10000.0
493 707 -11.23596
494 505 -121.9512
495 513 -46.2963
496 521 -303.0303
497 522 -104.1667
498 523 -20.08032
499 500 -39.37008
499 819 -23.98081
499 914 -23.98081
501 502 -33.19632
501 505 -18.58736
501 507 -58.13953
501 521 -32.67974
501 531 -42.55319
501 536 -42.82655
502 607 -33.33334
502 609 -11.02536
502 613 -27.3224
502 937 -15.96169
503 507 -42.91846
503 513 -55.55556
503 553 -23.04147
504 505 -71.42857
505 521 -41.49377
505 526 -17.60563
505 578 -21.45923
507 508 -12.03369
507 509 -53.0504
507 515 -20.4918
507 521 -39.0625
507 522 -40.16064
507 547 -29.85075
508 619 -175.4386
508 639 -56.49718
508 781 -21.07482
509 511 -12.0919
509 515 -82.64463
509 520 -238.0952
509 534 -526.3158
510 520 -2380.952
511 914 -6.779661
511 926 -10.91703
512 520 -99.0099
513 514 -9.380863
513 540 -74.07407
514 790 -11.28668
514 795 -7.656968
515 516 -416.6667
515 517 -10.34126
515 518 -18.18182
515 536 -80.64516
515 547 -59.1716
517 993 -12.95337
517 995 -4.235493
519 957 -16.42036
519 967 -68.49315
521 522 -104.1667
522 523 -12.0048
523 582 -196.0784
523 770 -3.675795
523 779 -11.60093
523 802 -4.086637
524 533 -158.7302
524 985 -43.85965
524 1001 -17.95332
525 568 -78.74016
526 527 -21.45923
526 531 -32.67974
527 921 -4.553734
527 933 -5.621135
527 1068 -35.27337
527 1073 -30.67485
527 1074 -25.83979
527 1124 -26.31579
528 529 -196.0784
528 809 -56.17978
528 819 -84.03362
530 578 -9.708738
530 583 -9.259259
530 780 -5.390836
530 797 -4.800768
530 803 -232.5581
531 532 -53.71729
531 534 -75.18797
532 554 -35.97123
532 647 -113.6364
532 652 -91.3242
532 663 -45.87156
532 668 -63.29114
532 672 -12.97017
532 673 -32.78688
532 677 -28.24859
532 908 -13.75516
532 912 -18.48429
532 918 -6.426735
532 1047 -11.38952
534 535 -21.45923
534 536 -56.49718
